13
2.50175 -0.566483 -3.05206 0 25 0 6 0 0
2.50175 -0.566483 -3.05206 30.8252 25 0 6 -0 0.371239
2.50175 -0.566483 -3.05206 -38.8879 25 0 6 1.2529e-10 14.9979
2.50175 -0.566483 -3.05206 7.76917 25 0 6 5.61849e-35 -0.00140834
2.50175 -0.566483 -3.05206 7.76917 63.3264 0 6 -1.71412 -1.23129e-16
2.50175 -0.566483 -3.05206 7.76917 -9.45068 0 6 -0.216067 3.40143e-25
2.50175 -0.566483 -3.05206 7.76917 -9.45068 2.52783 6 -0.0381737 -1.59448e-39
2.50175 -0.566483 -3.05206 7.76917 -9.45068 0 6 0.587895 -3.13891e-42
2.50175 -0.566483 -3.05206 7.76917 19.7113 0 6 0.11891 9.80909e-45
2.50175 -0.566483 -3.05206 7.76917 19.7113 6 6 0.0398067 5.60519e-45
2.50175 -0.566483 -3.05206 7.76917 19.7113 6 1 4.12872e-13 0
2.50175 -0.566483 -3.05206 7.76917 19.7113 6 5.58771 -7.03665e-19 -0
2.50175 -0.566483 -3.05206 7.76917 19.7113 0.750732 5.58771 0.00235756 -2.8026e-45
